 r m
   0.0000000000000000        0.0000000000000000     
   1.0000000000000000E-002   4.1856486121328012E-006
   2.0000000000000000E-002   3.3460056155833687E-005
   2.9999999999999999E-002   1.1284286652429179E-004
   4.0000000000000001E-002   2.6727832538701000E-004
   5.0000000000000003E-002   5.2163528018980528E-004
   6.0000000000000005E-002   9.0070718015480811E-004
   7.0000000000000007E-002   1.4292120762804631E-003
   8.0000000000000002E-002   2.1317926213415286E-003
   8.9999999999999997E-002   3.0330160698890767E-003
   9.9999999999999992E-002   4.1573742782504931E-003
  0.10999999999999999        5.5292837045294784E-003
  0.11999999999999998        7.1730854086060449E-003
  0.12999999999999998        9.1130450521365210E-003
  0.13999999999999999        1.1373352898553549E-002
  0.14999999999999999        1.3978123813066083E-002
  0.16000000000000000        1.6951397262659394E-002
  0.17000000000000001        2.0317137316095062E-002
  0.18000000000000002        2.4099232643910989E-002
  0.19000000000000003        2.8321496518421380E-002
  0.20000000000000004        3.3007666813716766E-002
  0.21000000000000005        3.8181406005663977E-002
  0.22000000000000006        4.3866301171906173E-002
  0.23000000000000007        5.0085863991862815E-002
  0.24000000000000007        5.6863530746729680E-002
  0.25000000000000006        6.4222662319478874E-002
  0.26000000000000006        7.2186544194858787E-002
  0.27000000000000007        8.0778386459394155E-002
  0.28000000000000008        9.0021323801386000E-002
  0.29000000000000009        9.9938415510911691E-002
  0.30000000000000010       0.11055264547982488     
  0.31000000000000011       0.12188692220175554     
  0.32000000000000012       0.13396407877210997     
  0.33000000000000013       0.14680687288807076     
  0.34000000000000014       0.16043798684859684     
  0.35000000000000014       0.17488002755442345     
  0.36000000000000015       0.19015552650806211     
  0.37000000000000016       0.20628693981380070     
  0.38000000000000017       0.22329664817770339     
  0.39000000000000018       0.24120695690761068     
  0.40000000000000019       0.26004009591313937     
  0.41000000000000020       0.27981821970568255     
  0.42000000000000021       0.30056340739840964     
  0.43000000000000022       0.32229766270626642     
  0.44000000000000022       0.34504291394597492     
  0.45000000000000023       0.36882101403603351     
  0.46000000000000024       0.39365374049671692     
  0.47000000000000025       0.41956279545007613     
  0.48000000000000026       0.44656980561993842     
  0.49000000000000027       0.47469632233190745     
  0.50000000000000022       0.50396382151336316     
  0.51000000000000023       0.53439370369346173     
  0.52000000000000024       0.56600729400313576     
  0.53000000000000025       0.59882584217509416     
  0.54000000000000026       0.63287052254382214     
  0.55000000000000027       0.66816243404558118     
  0.56000000000000028       0.70472260021840916     
  0.57000000000000028       0.74257196920212021     
  0.58000000000000029       0.78173141373830468     
  0.59000000000000030       0.82222173117032937     
  0.60000000000000031       0.86406364344333741     
  0.61000000000000032       0.90727779710424816     
  0.62000000000000033       0.95188476330175731     
  0.63000000000000034       0.99790503778633699     
  0.64000000000000035        1.0453590409102353     
  0.65000000000000036        1.0942671176274772     
  0.66000000000000036        1.1446495374938634     
  0.67000000000000037        1.1965264946669714     
  0.68000000000000038        1.2499181079061545     
  0.69000000000000039        1.3048444205725429     
  0.70000000000000040        1.3613254006290425     
  0.71000000000000041        1.4193809406403362     
  0.72000000000000042        1.4790308577728823     
  0.73000000000000043        1.5402948937949166     
  0.74000000000000044        1.6031927150764502     
  0.75000000000000044        1.6677439125892710     
  0.76000000000000045        1.7339680019069430     
  0.77000000000000046        1.8018844232048066     
  0.78000000000000047        1.8715125412599787     
  0.79000000000000048        1.9428716454513522     
  0.80000000000000049        2.0159809497595966     
  0.81000000000000050        2.0908595927671576     
  0.82000000000000051        2.1675266376582569     
  0.83000000000000052        2.2460010722188928     
  0.84000000000000052        2.3263018088368401     
  0.85000000000000053        2.4084476845016498     
  0.86000000000000054        2.4924574608046490     
  0.87000000000000055        2.5783498239389413     
  0.88000000000000056        2.6661433846994065     
  0.89000000000000057        2.7558566784827008     
  0.90000000000000058        2.8475081652872567     
  0.91000000000000059        2.9411162297132831     
  0.92000000000000060        3.0366991809627648     
  0.93000000000000060        3.1342752528394637     
  0.94000000000000061        3.2338626037489173     
  0.95000000000000062        3.3354793166984398     
  0.96000000000000063        3.4391433992971212     
  0.97000000000000064        3.5448727837558285     
  0.98000000000000065        3.6526853268872048     
  0.99000000000000066        3.7625988101056693     
   1.0000000000000007        3.8746309394274174     
   1.0100000000000007        3.9887993454704214     
   1.0200000000000007        4.1051215834544292     
   1.0300000000000007        4.2236151332009655     
   1.0400000000000007        4.3442973991333318     
   1.0500000000000007        4.4671857102766044     
   1.0600000000000007        4.5922973202576376     
   1.0700000000000007        4.7196494073050603     
   1.0800000000000007        4.8492590742492796     
   1.0900000000000007        4.9811433485224770     
   1.1000000000000008        5.1153191821586121     
   1.1100000000000008        5.2518034517934193     
   1.1200000000000008        5.3906129586644109     
   1.1300000000000008        5.5317644286108738     
   1.1400000000000008        5.6752745120738721     
   1.1500000000000008        5.8211597840962463     
   1.1600000000000008        5.9694367443226133     
   1.1700000000000008        6.1201218169993661     
   1.1800000000000008        6.2732313509746733     
   1.1900000000000008        6.4287816196984817     
   1.2000000000000008        6.5867888212225125     
   1.2100000000000009        6.7472690782002633     
   1.2200000000000009        6.9102384378870099     
   1.2300000000000009        7.0757128721398015     
   1.2400000000000009        7.2437082774174666     
   1.2500000000000009        7.4142404747806081     
   1.2600000000000009        7.5873252098916062     
   1.2700000000000009        7.7629781530146165     
   1.2800000000000009        7.9412148990155718     
   1.2900000000000009        8.1220509673621812     
   1.3000000000000009        8.3055018021239295     
   1.3100000000000009        8.4915827719720784     
   1.3200000000000010        8.6803091701796635     
   1.3300000000000010        8.8716962146215010     
   1.3400000000000010        9.0657590477741810     
   1.3500000000000010        9.2625127367160687     
   1.3600000000000010        9.4619722731273086     
   1.3700000000000010        9.6641525732898188     
   1.3800000000000010        9.8690684780872964     
   1.3900000000000010        10.076734753005212     
   1.4000000000000010        10.287166088130814     
   1.4100000000000010        10.500377098153127     
   1.4200000000000010        10.716382322362952     
   1.4300000000000010        10.935196224652865     
   1.4400000000000011        11.156833193517221     
   1.4500000000000011        11.381307542052149     
   1.4600000000000011        11.608633507955554     
   1.4700000000000011        11.838825253527121     
   1.4800000000000011        12.071896865668307     
   1.4900000000000011        12.307862355882348     
   1.5000000000000011        12.546735660274253     
   1.5100000000000011        12.788530639550812     
   1.5200000000000011        13.033261079020589     
   1.5300000000000011        13.280940688593923     
   1.5400000000000011        13.531583102782930     
   1.5500000000000012        13.785201880701504     
   1.5600000000000012        14.041810506065314     
   1.5700000000000012        14.301422387191806     
   1.5800000000000012        14.564050857000202     
   1.5900000000000012        14.829709173011500     
   1.6000000000000012        15.098410517348473     
   1.6100000000000012        15.370167996735672     
   1.6200000000000012        15.644994642499427     
   1.6300000000000012        15.922903410567837     
   1.6400000000000012        16.203907181470786     
   1.6500000000000012        16.488018760339926     
   1.6600000000000013        16.775250876908693     
   1.6700000000000013        17.065616185512294     
   1.6800000000000013        17.359127265087714     
   1.6900000000000013        17.655796619173714     
   1.7000000000000013        17.955636675910831     
   1.7100000000000013        18.258659788041381     
   1.7200000000000013        18.564878232909454     
   1.7300000000000013        18.874304212460913     
   1.7400000000000013        19.186949853243405     
   1.7500000000000013        19.502827206406348     
   1.7600000000000013        19.821948247700938     
   1.7700000000000014        20.144324877480145     
   1.7800000000000014        20.469968920698719     
   1.7900000000000014        20.798892126913181     
   1.8000000000000014        21.131106170281836     
   1.8100000000000014        21.466622649564759     
   1.8200000000000014        21.805453088123805     
   1.8300000000000014        22.147608933922601     
   1.8400000000000014        22.493101559526554     
   1.8500000000000014        22.841942262102847     
   1.8600000000000014        23.194142263420439     
   1.8700000000000014        23.549712709850063     
   1.8800000000000014        23.908664672364232     
   1.8900000000000015        24.271009146537232     
   1.9000000000000015        24.636757052545128     
   1.9100000000000015        25.005919235165763     
   1.9200000000000015        25.378506463778749     
   1.9300000000000015        25.754529432365480     
   1.9400000000000015        26.133998759509126     
   1.9500000000000015        26.516924988394631     
   1.9600000000000015        26.903318586808719     
   1.9700000000000015        27.293189947139886     
   1.9800000000000015        27.686549386378410     
   1.9900000000000015        28.083407146116336     
   2.0000000000000013        28.483773392547494     
   2.0100000000000011        28.887658216467489     
   2.0200000000000009        29.295071633273697     
   2.0300000000000007        29.706023582965276     
   2.0400000000000005        30.120523930143158     
   2.0500000000000003        30.538582464010052     
   2.0600000000000001        30.960208898370443     
   2.0699999999999998        31.385412871630592     
   2.0799999999999996        31.814203946798536     
   2.0899999999999994        32.246591611484085     
   2.0999999999999992        32.682585277898838     
   2.1099999999999990        33.122194282856157     
   2.1199999999999988        33.565427887771186     
   2.1299999999999986        34.012295278660837     
   2.1399999999999983        34.462805566143814     
   2.1499999999999981        34.916967785440583     
   2.1599999999999979        35.374790896373398     
   2.1699999999999977        35.836283783366277     
   2.1799999999999975        36.301455255445028     
   2.1899999999999973        36.770314046237225     
   2.1999999999999971        37.242868813972215     
   2.2099999999999969        37.719128141481136     
   2.2199999999999966        38.199100536196887     
   2.2299999999999964        38.682794430154154     
   2.2399999999999962        39.170218179989398     
   2.2499999999999960        39.661380066940850     
   2.2599999999999958        40.156288296848523     
   2.2699999999999956        40.654951000154206     
   2.2799999999999954        41.157376231901459     
   2.2899999999999952        41.663571971735621     
   2.2999999999999949        42.173546123903812     
   2.3099999999999947        42.687306517254925     
   2.3199999999999945        43.204860905239627     
   2.3299999999999943        43.726216965910368     
   2.3399999999999941        44.251382301921367     
   2.3499999999999939        44.780364440528622     
   2.3599999999999937        45.313170833589901     
   2.3699999999999934        45.849808857564760     
   2.3799999999999932        46.390285813514531     
   2.3899999999999930        46.934608927102310     
   2.3999999999999928        47.482785348592977     
   2.4099999999999926        48.034822152853188     
   2.4199999999999924        48.590726339351377     
   2.4299999999999922        49.150504832157758     
   2.4399999999999920        49.714164479944309     
   2.4499999999999917        50.281712055984791     
   2.4599999999999915        50.853154258154746     
   2.4699999999999913        51.428497708931481     
   2.4799999999999911        52.007748955394092     
   2.4899999999999909        52.590914469223442     
   2.4999999999999907        53.178000646702174     
   2.5099999999999905        53.769013808714710     
   2.5199999999999902        54.363960200747243     
   2.5299999999999900        54.962845992887743     
   2.5399999999999898        55.565677279825962     
   2.5499999999999896        56.172460080853419     
   2.5599999999999894        56.783200339863420     
   2.5699999999999892        57.397903925351038     
   2.5799999999999890        58.016576630413127     
   2.5899999999999888        58.639224172748321     
   2.5999999999999885        59.265852194657022     
   2.6099999999999883        59.896466263041411     
   2.6199999999999881        60.531071869405444     
   2.6299999999999879        61.169674429854865     
   2.6399999999999877        61.812279285097176     
   2.6499999999999875        62.458891700441669     
   2.6599999999999873        63.109516865799407     
   2.6699999999999871        63.764159895683228     
   2.6799999999999868        64.422825829207753     
   2.6899999999999866        65.085519630089365     
   2.6999999999999864        65.752246186646246     
   2.7099999999999862        66.423010311798336     
   2.7199999999999860        67.097816743067355     
   2.7299999999999858        67.776670142576805     
   2.7399999999999856        68.459575097051953     
   2.7499999999999853        69.146536117819849     
   2.7599999999999851        69.837557640809337     
   2.7699999999999849        70.532644026550997     
   2.7799999999999847        71.231799560177222     
   2.7899999999999845        71.935028451422170     
   2.7999999999999843        72.642334834621764     
   2.8099999999999841        73.353722768713709     
   2.8199999999999839        74.069196237237506     
   2.8299999999999836        74.788759148334407     
   2.8399999999999834        75.512415334747445     
   2.8499999999999832        76.240168553821448     
   2.8599999999999830        76.972022487502983     
   2.8699999999999828        77.707980742340439     
   2.8799999999999826        78.448046849483944     
   2.8899999999999824        79.192224264685422     
   2.8999999999999821        79.940516368298574     
   2.9099999999999819        80.692926465278859     
   2.9199999999999817        81.449457785183540     
   2.9299999999999815        82.210113482171636     
   2.9399999999999813        82.974896635003944     
   2.9499999999999811        83.743810247043029     
   2.9599999999999809        84.516857246253267     
   2.9699999999999807        85.294040485200767     
   2.9799999999999804        86.075362741053453     
   2.9899999999999802        86.860826715580998     
   2.9999999999999800        87.650435035154857     
   3.0099999999999798        88.444190250748278     
   3.0199999999999796        89.242094837936264     
   3.0299999999999794        90.044151196895598     
   3.0399999999999792        90.850361652404843     
   3.0499999999999790        91.660728453844342     
   3.0599999999999787        92.475253775196222     
   3.0699999999999785        93.293939715044360     
   3.0799999999999783        94.116788296574427     
   3.0899999999999781        94.943801467573877     
   3.0999999999999779        95.774981100431930     
   3.1099999999999777        96.610328992139571     
   3.1199999999999775        97.449846864289583     
   3.1299999999999772        98.293536363076527     
   3.1399999999999770        99.141399059296717     
   3.1499999999999768        99.993436448348263     
   3.1599999999999766        100.84964995023104     
   3.1699999999999764        101.71004090954671     
   3.1799999999999762        102.57461059549868     
   3.1899999999999760        103.44336020189219     
   3.1999999999999758        104.31629084713421     
   3.2099999999999755        105.19340357423350     
   3.2199999999999753        106.07469935080060     
   3.2299999999999751        106.96017906904783     
   3.2399999999999749        107.84984354578927     
   3.2499999999999747        108.74369352244079     
   3.2599999999999745        109.64172966502004     
   3.2699999999999743        110.54395256414642     
   3.2799999999999740        111.45036273504115     
   3.2899999999999738        112.36096061752718     
   3.2999999999999736        113.27574657602928     
   3.3099999999999734        114.19472089957395     
   3.3199999999999732        115.11788380178950     
   3.3299999999999730        116.04523542090601     
   3.3399999999999728        116.97677581975533     
   3.3499999999999726        117.91250498577109     
   3.3599999999999723        118.85242283098870     
   3.3699999999999721        119.79652919204533     
   3.3799999999999719        120.74482383017994     
   3.3899999999999717        121.69730643123327     
   3.3999999999999715        122.65397660564784     
   3.4099999999999713        123.61483388846793     
   3.4199999999999711        124.57987773933961     
   3.4299999999999708        125.54910754251071     
   3.4399999999999706        126.52252260683085     
   3.4499999999999704        127.50012216575141     
   3.4599999999999702        128.48190537732557     
   3.4699999999999700        129.46787132420829     
   3.4799999999999698        130.45801901365627     
   3.4899999999999696        131.45234737752801     
   3.4999999999999694        132.45085527228380     
   3.5099999999999691        133.45354147898567     
   3.5199999999999689        134.46040470329746     
   3.5299999999999687        135.47144357548476     
   3.5399999999999685        136.48665665041497     
   3.5499999999999683        137.50604240755723     
   3.5599999999999681        138.52959925098247     
   3.5699999999999679        139.55732550936341     
   3.5799999999999677        140.58921943597451     
   3.5899999999999674        141.62527920869206     
   3.5999999999999672        142.66550292999409     
   3.6099999999999670        143.70988862696041     
   3.6199999999999668        144.75843425127260     
   3.6299999999999666        145.81113767921406     
   3.6399999999999664        146.86799671166989     
   3.6499999999999662        147.92900907412704     
   3.6599999999999659        148.99417241667419     
   3.6699999999999657        150.06348431400181     
   3.6799999999999655        151.13694226540215     
   3.6899999999999653        152.21454369476925     
   3.6999999999999651        153.29628595059887     
   3.7099999999999649        154.38216630598862     
   3.7199999999999647        155.47218195863786     
   3.7299999999999645        156.56633003084769     
   3.7399999999999642        157.66460756952105     
   3.7499999999999640        158.76701154616259     
   3.7599999999999638        159.87353885687878     
   3.7699999999999636        160.98418632237787     
   3.7799999999999634        162.09895068796985     
   3.7899999999999632        163.21782862356650     
   3.7999999999999630        164.34081672368143     
   3.8099999999999627        165.46791150742993     
   3.8199999999999625        166.59910941852914     
   3.8299999999999623        167.73440682529792     
   3.8399999999999621        168.87380002065697     
   3.8499999999999619        170.01728522212875     
   3.8599999999999617        171.16485857183744     
   3.8699999999999615        172.31651613650908     
   3.8799999999999613        173.47225390747141     
   3.8899999999999610        174.63206780065400     
   3.8999999999999608        175.79595365658815     
   3.9099999999999606        176.96390724040700     
   3.9199999999999604        178.13592424184540     
   3.9299999999999602        179.31200027524002     
   3.9399999999999600        180.49213087952930     
   3.9499999999999598        181.67631151825344     
   3.9599999999999596        182.86453757955442     
   3.9699999999999593        184.05680437617599     
   3.9799999999999591        185.25310714546370     
   3.9899999999999589        186.45344104936487     
   3.9999999999999587        187.65780117442858     
   4.0099999999999589        188.86618253180572     
   4.0199999999999587        190.07858005724890     
   4.0299999999999585        191.29498861111256     
   4.0399999999999583        192.51540297835288     
   4.0499999999999581        193.73981786852784     
   4.0599999999999579        194.96822791579717     
   4.0699999999999577        196.20062767892242     
   4.0799999999999574        197.43701164126688     
   4.0899999999999572        198.67737421079562     
   4.0999999999999570        199.92170972007551     
   4.1099999999999568        201.17001242627515     
   4.1199999999999566        202.42227651116497     
   4.1299999999999564        203.67849608111715     
   4.1399999999999562        204.93866516710563     
   4.1499999999999559        206.20277772470615     
   4.1599999999999557        207.47082763409625     
   4.1699999999999555        208.74280870005521     
   4.1799999999999553        210.01871465196405     
   4.1899999999999551        211.29853914380564     
   4.1999999999999549        212.58227575416461     
   4.2099999999999547        213.86991798622734     
   4.2199999999999545        215.16145926778199     
   4.2299999999999542        216.45689295121852     
   4.2399999999999540        217.75621231352864     
   4.2499999999999538        219.05941055630583     
   4.2599999999999536        220.36648080574540     
   4.2699999999999534        221.67741611264438     
   4.2799999999999532        222.99220945240160     
   4.2899999999999530        224.31085372501767     
   4.2999999999999527        225.63334175509496     
   4.3099999999999525        226.95966629183764     
   4.3199999999999523        228.28982000905162     
   4.3299999999999521        229.62379550514461     
   4.3399999999999519        230.96158530312610     
   4.3499999999999517        232.30318185060736     
   4.3599999999999515        233.64857751980142     
   4.3699999999999513        234.99776460752310     
   4.3799999999999510        236.35073533518897     
   4.3899999999999508        237.70748184881742     
   4.3999999999999506        239.06799621902860     
   4.4099999999999504        240.43227044104441     
   4.4199999999999502        241.80029643468853     
   4.4299999999999500        243.17206604438644     
   4.4399999999999498        244.54757103916540     
   4.4499999999999496        245.92680311265443     
   4.4599999999999493        247.30975388308434     
   4.4699999999999491        248.69641489328768     
   4.4799999999999489        250.08677761069882     
   4.4899999999999487        251.48083342735390     
   4.4999999999999485        252.87857365989080     
   4.5099999999999483        254.27998954954921     
   4.5199999999999481        255.68507226217059     
   4.5299999999999478        257.09381288819822     
   4.5399999999999476        258.50620244267702     
   4.5499999999999474        259.92223186525382     
   4.5599999999999472        261.34189202017723     
   4.5699999999999470        262.76517369629755     
   4.5799999999999468        264.19206760706686     
   4.5899999999999466        265.62256439053908     
   4.5999999999999464        267.05665460936990     
   4.6099999999999461        268.49432875081675     
   4.6199999999999459        269.93557722673887     
   4.6299999999999457        271.38039037359721     
   4.6399999999999455        272.82875845245457     
   4.6499999999999453        274.28067164897550     
   4.6599999999999451        275.73612007342632     
   4.6699999999999449        277.19509376067515     
   4.6799999999999446        278.65758267019186     
   4.6899999999999444        280.12357668604812     
   4.6999999999999442        281.59306561691739     
   4.7099999999999440        283.06603919607483     
   4.7199999999999438        284.54248708139738     
   4.7299999999999436        286.02239885536386     
   4.7399999999999434        287.50576402505482     
   4.7499999999999432        288.99257202215256     
   4.7599999999999429        290.48281220294115     
   4.7699999999999427        291.97647384830645     
   4.7799999999999425        293.47354616373616     
   4.7899999999999423        294.97401827931964     
   4.7999999999999421        296.47787924974807     
   4.8099999999999419        297.98511805431446     
   4.8199999999999417        299.49572359691359     
   4.8299999999999415        301.00968470604192     
   4.8399999999999412        302.52699013479781     
   4.8499999999999410        304.04762856088126     
   4.8599999999999408        305.57158858659420     
   4.8699999999999406        307.09885873884019     
   4.8799999999999404        308.62942746912466     
   4.8899999999999402        310.16328315355486     
   4.8999999999999400        311.70041409283965     
   4.9099999999999397        313.24080851228979     
   4.9199999999999395        314.78445456181782     
   4.9299999999999393        316.33134031593801     
   4.9399999999999391        317.88145377376645     
   4.9499999999999389        319.43478285902091     
   4.9599999999999387        320.99131542002107     
   4.9699999999999385        322.55103922968829     
   4.9799999999999383        324.11394198554575     
   4.9899999999999380        325.68001130971840     
   4.9999999999999378        327.24923474893296     
   5.0099999999999376        328.82159977451795     
   5.0199999999999374        330.39709378240360     
   5.0299999999999372        331.97570409312198     
   5.0399999999999370        333.55741795180694     
   5.0499999999999368        335.14222252819405     
   5.0599999999999365        336.73010491662069     
   5.0699999999999363        338.32105213602603     
   5.0799999999999361        339.91505112995100     
   5.0899999999999359        341.51208876653828     
   5.0999999999999357        343.11215183853238     
   5.1099999999999355        344.71522706327954     
   5.1199999999999353        346.32130108272781     
   5.1299999999999351        347.93036046342701     
   5.1399999999999348        349.54239169652874     
   5.1499999999999346        351.15738119778638     
   5.1599999999999344        352.77531530755499     
   5.1699999999999342        354.39618029079156     
   5.1799999999999340        356.01996233705478     
   5.1899999999999338        357.64664756050513     
   5.1999999999999336        359.27622199990481     
   5.2099999999999334        360.90867161861786     
   5.2199999999999331        362.54398230461010     
   5.2299999999999329        364.18213987044908     
   5.2399999999999327        365.82313005330417     
   5.2499999999999325        367.46693851494649     
   5.2599999999999323        369.11355084174897     
   5.2699999999999321        370.76295254468630     
   5.2799999999999319        372.41512905933490     
   5.2899999999999316        374.07006574587302     
   5.2999999999999314        375.72774788908066     
   5.3099999999999312        377.38816069833962     
   5.3199999999999310        379.05128930763345     
   5.3299999999999308        380.71711877554753     
   5.3399999999999306        382.38563408526892     
   5.3499999999999304        384.05682014458654     
   5.3599999999999302        385.73066178589107     
   5.3699999999999299        387.40714376617490     
   5.3799999999999297        389.08625076703231     
   5.3899999999999295        390.76796739465925     
   5.3999999999999293        392.45227817985352     
   5.4099999999999291        394.13916757801468     
   5.4199999999999289        395.82861996914409     
   5.4299999999999287        397.52061965784480     
   5.4399999999999284        399.21515087332170     
   5.4499999999999282        400.91219776938141     
   5.4599999999999280        402.61174442443240     
   5.4699999999999278        404.31377484148487     
   5.4799999999999276        406.01827294815081     
   5.4899999999999274        407.72522259664402     
   5.4999999999999272        409.43460756377999     
   5.5099999999999270        411.14641155097604     
   5.5199999999999267        412.86061818425122     
   5.5299999999999265        414.57721101422646     
   5.5399999999999263        416.29617351612438     
   5.5499999999999261        418.01748908976941     
   5.5599999999999259        419.74114105958773     
   5.5699999999999257        421.46711267460728     
   5.5799999999999255        423.19538710845785     
   5.5899999999999253        424.92594745937095     
   5.5999999999999250        426.65877675017987     
   5.6099999999999248        428.39385792831968     
   5.6199999999999246        430.13117386582729     
   5.6299999999999244        431.87070735934128     
   5.6399999999999242        433.61244113010207     
   5.6499999999999240        435.35635782395184     
   5.6599999999999238        437.10244001133452     
   5.6699999999999235        438.85067018729586     
   5.6799999999999233        440.60103077148341     
   5.6899999999999231        442.35350410814641     
   5.6999999999999229        444.10807246613592     
   5.7099999999999227        445.86471803890481     
   5.7199999999999225        447.62342294450769     
   5.7299999999999223        449.38416922560094     
   5.7399999999999221        451.14693884944273     
   5.7499999999999218        452.91171370789300     
   5.7599999999999216        454.67847561741348     
   5.7699999999999214        456.44720631906767     
   5.7799999999999212        458.21788747852088     
   5.7899999999999210        459.99050068604009     
   5.7999999999999208        461.76502745649418     
   5.8099999999999206        463.54144922935370     
   5.8199999999999203        465.31974736869108     
   5.8299999999999201        467.09990316318044     
   5.8399999999999199        468.88189782609777     
   5.8499999999999197        470.66571249532069     
   5.8599999999999195        472.45132823332875     
   5.8699999999999193        474.23872602720320     
   5.8799999999999191        476.02788678862703     
   5.8899999999999189        477.81879135388510     
   5.8999999999999186        479.61142048386398     
   5.9099999999999184        481.40575486405208     
   5.9199999999999182        483.20177510453948     
   5.9299999999999180        484.99946174001815     
   5.9399999999999178        486.79879522978172     
   5.9499999999999176        488.59975595772573     
   5.9599999999999174        490.40232423234738     
   5.9699999999999172        492.20648028674572     
   5.9799999999999169        494.01220427862154     
   5.9899999999999167        495.81947629027741     
   5.9999999999999165        497.62827632861769     
   6.0099999999999163        499.43858432514850     
   6.0199999999999161        501.25038013597776     
   6.0299999999999159        503.06364354181517     
   6.0399999999999157        504.87835424797214     
   6.0499999999999154        506.69449188436192     
   6.0599999999999152        508.51203600549951     
   6.0699999999999150        510.33096609050170     
   6.0799999999999148        512.15126154308712     
   6.0899999999999146        513.97290169157600     
   6.0999999999999144        515.79586578889052     
   6.1099999999999142        517.62013301255456     
   6.1199999999999140        519.44568246469385     
   6.1299999999999137        521.27249317203575     
   6.1399999999999135        523.10054408590952     
   6.1499999999999133        524.92981408224614     
   6.1599999999999131        526.76028196157836     
   6.1699999999999129        528.59192644904078     
   6.1799999999999127        530.42472619436967     
   6.1899999999999125        532.25865977190324     
   6.1999999999999122        534.09370568058125     
   6.2099999999999120        535.92984234394544     
   6.2199999999999118        537.76704811013917     
   6.2299999999999116        539.60530125190769     
   6.2399999999999114        541.44457996659798     
   6.2499999999999112        543.28486237615880     
   6.2599999999999110        545.12612652714063     
   6.2699999999999108        546.96835039069583     
   6.2799999999999105        548.81151186257853     
   6.2899999999999103        550.65558876314458     
   6.2999999999999101        552.50055883735160     
   6.3099999999999099        554.34639975475898     
   6.3199999999999097        556.19308910952793     
   6.3299999999999095        558.04060442042146     
   6.3399999999999093        559.88892313080430     
   6.3499999999999091        561.73802260864295     
   6.3599999999999088        563.58788014650577     
   6.3699999999999086        565.43847296156275     
   6.3799999999999084        567.28977819558577     
   6.3899999999999082        569.14177291494855     
   6.3999999999999080        570.99443411062634     
   6.4099999999999078        572.84773869819639     
   6.4199999999999076        574.70166351783769     
   6.4299999999999073        576.55618533433096     
   6.4399999999999071        578.41128083705871     
   6.4499999999999069        580.26692664000518     
   6.4599999999999067        582.12309928175648     
   6.4699999999999065        583.97977522550048     
   6.4799999999999063        585.83693085902678     
   6.4899999999999061        587.69454249472676     
   6.4999999999999059        589.55258636959354     
   6.5099999999999056        591.41103864522211     
   6.5199999999999054        593.26987540780920     
   6.5299999999999052        595.12907266815330     
   6.5399999999999050        596.98860636165466     
   6.5499999999999048        598.84845234831528     
   6.5599999999999046        600.70858641273912     
   6.5699999999999044        602.56898426413170     
   6.5799999999999041        604.42962153630037     
   6.5899999999999039        606.29047378765438     
   6.5999999999999037        608.15151650120458     
   6.6099999999999035        610.01272508456373     
   6.6199999999999033        611.87407486994630     
   6.6299999999999031        613.73554111416854     
   6.6399999999999029        615.59709899864845     
   6.6499999999999027        617.45872362940588     
   6.6599999999999024        619.32039003706245     
   6.6699999999999022        621.18207317684141     
   6.6799999999999020        623.04374792856800     
   6.6899999999999018        624.90538909666918     
   6.6999999999999016        626.76697141017360     
   6.7099999999999014        628.62846952271161     
   6.7199999999999012        630.48985801251558     
   6.7299999999999010        632.35111138241962     
   6.7399999999999007        634.21220405985935     
   6.7499999999999005        636.07311039687249     
   6.7599999999999003        637.93380467009831     
   6.7699999999999001        639.79426108077791     
   6.7799999999998999        641.65445375475429     
   6.7899999999998997        643.51435674247205     
   6.7999999999998995        645.37394401897768     
   6.8099999999998992        647.23318948391943     
   6.8199999999998990        649.09206696154729     
   6.8299999999998988        650.95055020071300     
   6.8399999999998986        652.80861287487016     
   6.8499999999998984        654.66622858207415     
   6.8599999999998982        656.52337084498208     
   6.8699999999998980        658.38001311085281     
   6.8799999999998978        660.23612875154708     
   6.8899999999998975        662.09169106352726     
   6.8999999999998973        663.94667326785759     
   6.9099999999998971        665.80104851020405     
   6.9199999999998969        667.65478986083440     
   6.9299999999998967        669.50787031461823     
   6.9399999999998965        671.36026279102680     
   6.9499999999998963        673.21194013413333     
   6.9599999999998960        675.06287511261257     
   6.9699999999998958        676.91304041974126     
   6.9799999999998956        678.76240867339777     
   6.9899999999998954        680.61095241606245     
   6.9999999999998952        682.45864411481716     
   7.0099999999998950        684.30545616134566     
   7.0199999999998948        686.15136087193355     
   7.0299999999998946        687.99633048746807     
   7.0399999999998943        689.84033717343834     
   7.0499999999998941        691.68335301993523     
   7.0599999999998939        693.52535004165134     
   7.0699999999998937        695.36630017788116     
   7.0799999999998935        697.20617529252081     
   7.0899999999998933        699.04494717406828     
   7.0999999999998931        700.88258753562332     
   7.1099999999998929        702.71906801488751     
   7.1199999999998926        704.55436017416412     
   7.1299999999998924        706.38843550035824     
   7.1399999999998922        708.22126540497663     
   7.1499999999998920        710.05282122412802     
   7.1599999999998918        711.88307421852278     
   7.1699999999998916        713.71199557347313     
   7.1799999999998914        715.53955639889296     
   7.1899999999998911        717.36572772929799     
   7.1999999999998909        719.19048052380583     
   7.2099999999998907        721.01378566613573     
   7.2199999999998905        722.83561396460868     
   7.2299999999998903        724.65593615214755     
   7.2399999999998901        726.47472288627705     
   7.2499999999998899        728.29194474912345     
   7.2599999999998897        730.10757224741496     
   7.2699999999998894        731.92157581248159     
   7.2799999999998892        733.73392580025495     
   7.2899999999998890        735.54459249126865     
   7.2999999999998888        737.35354609065791     
   7.3099999999998886        739.16075672815975     
   7.3199999999998884        740.96619445811302     
   7.3299999999998882        742.76982925945833     
   7.3399999999998879        744.57163103573805     
   7.3499999999998877        746.37156961509629     
   7.3599999999998875        748.16961475027904     
   7.3699999999998873        749.96573611863403     
   7.3799999999998871        751.75990332211063     
   7.3899999999998869        753.55208588726020     
   7.3999999999998867        755.34225326523574     
   7.4099999999998865        757.13037483179210     
   7.4199999999998862        758.91641988728588     
   7.4299999999998860        760.70035765667535     
   7.4399999999998858        762.48215728952073     
   7.4499999999998856        764.26178785998400     
   7.4599999999998854        766.03921836682878     
   7.4699999999998852        767.81441773342044     
   7.4799999999998850        769.58735480772634     
   7.4899999999998847        771.35799836231547     
   7.4999999999998845        773.12631709435868     
   7.5099999999998843        774.89227962562848     
   7.5199999999998841        776.65585450249932     
   7.5299999999998839        778.41701019594723     
   7.5399999999998837        780.17571510155017     
   7.5499999999998835        781.93193753948776     
   7.5599999999998833        783.68564575454150     
   7.5699999999998830        785.43680791609461     
   7.5799999999998828        787.18539211813220     
   7.5899999999998826        788.93136637924090     
   7.5999999999998824        790.67469864260931     
   7.6099999999998822        792.41535677602781     
   7.6199999999998820        794.15330857188849     
   7.6299999999998818        795.88852174718534     
   7.6399999999998816        797.62096394351386     
   7.6499999999998813        799.35060272707165     
   7.6599999999998811        801.07740558865783     
   7.6699999999998809        802.80133994367338     
   7.6799999999998807        804.52237313212117     
   7.6899999999998805        806.24047241860569     
   7.6999999999998803        807.95560499233329     
   7.7099999999998801        809.66773796711209     
   7.7199999999998798        811.37683838135194     
   7.7299999999998796        813.08287319806448     
   7.7399999999998794        814.78580930486316     
   7.7499999999998792        816.48561351396313     
   7.7599999999998790        818.18225256218147     
   7.7699999999998788        819.87569311093682     
   7.7799999999998786        821.56590174624989     
   7.7899999999998784        823.25284497874281     
   7.7999999999998781        824.93648924363981     
   7.8099999999998779        826.61680090076663     
   7.8199999999998777        828.29374623455101     
   7.8299999999998775        829.96729145402230     
   7.8399999999998773        831.63740269281175     
   7.8499999999998771        833.30404600915233     
   7.8599999999998769        834.96718738587879     
   7.8699999999998766        836.62679273042761     
   7.8799999999998764        838.28282787483715     
   7.8899999999998762        839.93525857574741     
   7.8999999999998760        841.58405051440025     
   7.9099999999998758        843.22916929663938     
   7.9199999999998756        844.87058045291019     
   7.9299999999998754        846.50824943825978     
   7.9399999999998752        848.14214163233714     
   7.9499999999998749        849.77222233939301     
   7.9599999999998747        851.39845678827987     
   7.9699999999998745        853.02081013245208     
   7.9799999999998743        854.63924744996564     
   7.9899999999998741        856.25373374347839     
   7.9999999999998739        857.86423394025007     
   8.0099999999998737        859.47071289214193     
   8.0199999999998735        861.07313537561720     
   8.0299999999998732        862.67146609174074     
   8.0399999999998730        864.26566966617941     
   8.0499999999998728        865.85571064920157     
   8.0599999999998726        867.44155351567758     
   8.0699999999998724        869.02316266507944     
   8.0799999999998722        870.60050242148100     
   8.0899999999998720        872.17353703355786     
   8.0999999999998717        873.74223067458740     
   8.1099999999998715        875.30654744244873     
   8.1199999999998713        876.86645135962283     
   8.1299999999998711        878.42190637319243     
   8.1399999999998709        879.97287635484201     
   8.1499999999998707        881.51932510085783     
   8.1599999999998705        883.06121633212786     
   8.1699999999998703        884.59851369414196     
   8.1799999999998700        886.13118075699174     
   8.1899999999998698        887.65918101537056     
   8.1999999999998696        889.18247788857354     
   8.2099999999998694        890.70103472049755     
   8.2199999999998692        892.21481477964130     
   8.2299999999998690        893.72378125910529     
   8.2399999999998688        895.22789727659188     
   8.2499999999998685        896.72712587440492     
   8.2599999999998683        898.22143001945028     
   8.2699999999998681        899.71077260323557     
   8.2799999999998679        901.19511644187003     
   8.2899999999998677        902.67442427606488     
   8.2999999999998675        904.14865877113300     
   8.3099999999998673        905.61778251698911     
   8.3199999999998671        907.08175802814958     
   8.3299999999998668        908.54054774373276     
   8.3399999999998666        909.99411402745852     
   8.3499999999998664        911.44241916764872     
   8.3599999999998662        912.88542537722697     
   8.3699999999998660        914.32309479371861     
   8.3799999999998658        915.75538947925065     
   8.3899999999998656        917.18227142055207     
   8.3999999999998654        918.60370252895348     
   8.4099999999998651        920.01964464038736     
   8.4199999999998649        921.43005951538794     
   8.4299999999998647        922.83490883909121     
   8.4399999999998645        924.23415422123492     
   8.4499999999998643        925.62775719615865     
   8.4599999999998641        927.01567922280367     
   8.4699999999998639        928.39788168471318     
   8.4799999999998636        929.77432589003195     
   8.4899999999998634        931.14497307150668     
   8.4999999999998632        932.50978438648588     
   8.5099999999998630        933.86872091691964     
   8.5199999999998628        935.22174366935997     
   8.5299999999998626        936.56881357496059     
   8.5399999999998624        937.90989148947710     
   8.5499999999998622        939.24493819326688     
   8.5599999999998619        940.57391439128889     
   8.5699999999998617        941.89678071310402     
   8.5799999999998615        943.21349771287498     
   8.5899999999998613        944.52402586936614     
   8.5999999999998611        945.82832558594373     
   8.6099999999998609        947.12635719057573     
   8.6199999999998607        948.41808093583177     
   8.6299999999998604        949.70345699888344     
   8.6399999999998602        950.98244548150410     
   8.6499999999998600        952.25500641006875     
   8.6599999999998598        953.52109973555434     
   8.6699999999998596        954.78068533353940     
   8.6799999999998594        956.03372300420438     
   8.6899999999998592        957.28017247233140     
   8.6999999999998590        958.51999338730445     
   8.7099999999998587        959.75314532310927     
   8.7199999999998585        960.97958777833344     
   8.7299999999998583        962.19928017616610     
   8.7399999999998581        963.41218186439846     
   8.7499999999998579        964.61825211542327     
   8.7599999999998577        965.81745012623514     
   8.7699999999998575        967.00973501843055     
   8.7799999999998573        968.19506583820760     
   8.7899999999998570        969.37340155636616     
   8.7999999999998568        970.54470106830809     
   8.8099999999998566        971.70892319403686     
   8.8199999999998564        972.86602667815771     
   8.8299999999998562        974.01597018987763     
   8.8399999999998560        975.15871232300549     
   8.8499999999998558        976.29421159595199     
   8.8599999999998555        977.42242645172939     
   8.8699999999998553        978.54331525795192     
   8.8799999999998551        979.65683630683543     
   8.8899999999998549        980.76294781519766     
   8.8999999999998547        981.86160792445810     
   8.9099999999998545        982.95277470063809     
   8.9199999999998543        984.03640613436050     
   8.9299999999998541        985.11246014085032     
   8.9399999999998538        986.18089455993402     
   8.9499999999998536        987.24166715603997     
   8.9599999999998534        988.29473561819839     
   8.9699999999998532        989.34005756004115     
   8.9799999999998530        990.37759051980186     
   8.9899999999998528        991.40729196031612     
   8.9999999999998526        992.42911926902104     
   9.0099999999998523        993.44302975795574     
   9.0199999999998521        994.44898066376106     
   9.0299999999998519        995.44692914767950     
   9.0399999999998517        996.43683229555540     
   9.0499999999998515        997.41864711783501     
   9.0599999999998513        998.39233054956617     
   9.0699999999998511        999.35783945039850     
   9.0799999999998509        1000.3151306045835     
   9.0899999999998506        1001.2641607209744     
   9.0999999999998504        1002.2048864330261     
   9.1099999999998502        1003.1372642987956     
   9.1199999999998500        1004.0612508009414     
   9.1299999999998498        1004.9768023467237     
   9.1399999999998496        1005.8838752680048     
   9.1499999999998494        1006.7824258212485     
   9.1599999999998492        1007.6724101875204     
   9.1699999999998489        1008.5537844724881     
   9.1799999999998487        1009.4265047064207     
   9.1899999999998485        1010.2905268441892     
   9.1999999999998483        1011.1458067652665     
   9.2099999999998481        1011.9923002737270     
   9.2199999999998479        1012.8299630982470     
   9.2299999999998477        1013.6587508921048     
   9.2399999999998474        1014.4786192331801     
   9.2499999999998472        1015.2895236239547     
   9.2599999999998470        1016.0914194915118     
   9.2699999999998468        1016.8842621875368     
   9.2799999999998466        1017.6680069883167     
   9.2899999999998464        1018.4426090947402     
   9.2999999999998462        1019.2080236322978     
   9.3099999999998460        1019.9642056510818     
   9.3199999999998457        1020.7111101257864     
   9.3299999999998455        1021.4486919557073     
   9.3399999999998453        1022.1769059647423     
   9.3499999999998451        1022.8957069013908     
   9.3599999999998449        1023.6050494387539     
   9.3699999999998447        1024.3048881745347     
   9.3799999999998445        1024.9951776310377     
   9.3899999999998442        1025.6758722551697     
   9.3999999999998440        1026.3469264184389     
   9.4099999999998438        1027.0082944169553     
   9.4199999999998436        1027.6599304714309     
   9.4299999999998434        1028.3017887271792     
   9.4399999999998432        1028.9338232541156     
   9.4499999999998430        1029.5559880467574     
   9.4599999999998428        1030.1682370242236     
   9.4699999999998425        1030.7705240302348     
   9.4799999999998423        1031.3628028331134     
   9.4899999999998421        1031.9450271257838     
   9.4999999999998419        1032.5171505257722     
   9.5099999999998417        1033.0791265752064     
   9.5199999999998415        1033.6309087408158     
   9.5299999999998413        1034.1724504139320     
   9.5399999999998411        1034.7037049104881     
   9.5499999999998408        1035.2246254710190     
   9.5599999999998406        1035.7351652606615     
   9.5699999999998404        1036.2352773691539     
   9.5799999999998402        1036.7249148108367     
   9.5899999999998400        1037.2040305246519     
   9.5999999999998398        1037.6725773741434     
   9.6099999999998396        1038.1305081474566     
   9.6199999999998393        1038.5777755573390     
   9.6299999999998391        1039.0143322411398     
   9.6399999999998389        1039.4401307608098     
   9.6499999999998387        1039.8551236029018     
   9.6599999999998385        1040.2592631785703     
   9.6699999999998383        1040.6525018235716     
   9.6799999999998381        1041.0347917982635     
   9.6899999999998379        1041.4060852876059     
   9.6999999999998376        1041.7663344011605     
   9.7099999999998374        1042.1154911730907     
   9.7199999999998372        1042.4535075621616     
   9.7299999999998370        1042.7803354517400     
   9.7399999999998368        1043.0959266497948     
   9.7499999999998366        1043.4002328888962     
   9.7599999999998364        1043.6932058262166     
   9.7699999999998361        1043.9747970435301     
   9.7799999999998359        1044.2449580472123     
   9.7899999999998357        1044.5036402682410     
   9.7999999999998355        1044.7507950621955     
   9.8099999999998353        1044.9863737092567     
   9.8199999999998351        1045.2103274142078     
   9.8299999999998349        1045.4226073064333     
   9.8399999999998347        1045.6231644399197     
   9.8499999999998344        1045.8119497932553     
   9.8599999999998342        1045.9889142696300     
   9.8699999999998340        1046.1540086968355     
   9.8799999999998338        1046.3071838272656     
   9.8899999999998336        1046.4483903379155     
   9.8999999999998334        1046.5775788303824     
   9.9099999999998332        1046.6946998308651     
   9.9199999999998330        1046.7997037901644     
   9.9299999999998327        1046.8925410836825     
   9.9399999999998325        1046.9731620114239     
   9.9499999999998323        1047.0415167979945     
   9.9599999999998321        1047.0975555926020     
   9.9699999999998319        1047.1412284690559     
   9.9799999999998317        1047.1724854257677     
   9.9899999999998315        1047.1912763857506     
   9.9999999999998312        1047.1975511966191     
